4294967278,475
2307,5
2307,4
2307,3
2307,2
2307,1
2305,5
2305,4
2305,3
2305,2
2305,1
4294967278,506
2303,4
2303,3
2303,2
2303,1
2302,4
4294967278,276
2302,3
2302,2
2302,1
4294967294,1418
2301,5
2301,4
2301,3
2301,2
2301,1
2300,6
2300,5
2300,4
2300,3
2300,2
2300,1
2299,5
2299,4
2299,3
2299,2
2299,1
2298,5
2298,4
2298,3
2298,2
2298,1
2297,5
2297,4
2297,3
2297,2
2297,1
4294967279,362
4294967294,528
2295,4
2295,3
2295,2
2295,1
4294967294,113
4294967294,160
4294967279,197
2294,5
2294,4
2294,3
2294,2
2294,1
2292,5
2292,4
2292,3
2292,2
2292,1
2290,4
2290,3
2290,2
2290,1
2289,4
2289,3
2289,2
2289,1
2288,5
2288,4
2288,3
2288,2
2288,1
2287,6
4294967294,1419
2287,5
2287,4
2287,3
2287,2
2287,1
2286,5
2286,4
2286,3
2286,2
2286,1
2285,5
2285,4
2285,3
2285,2
2285,1
2284,5
4294967294,193
2284,4
2284,3
2284,2
2284,1
2282,4
2282,3
2282,2
2282,1
4294967279,226
4294967279,355
4294967278,505
2281,5
2281,4
2281,3
2281,2
2281,1
4294967279,276
4294967278,289
2279,5
2279,4
2279,3
2279,2
2279,1
4294967294,1416
2277,4
2277,3
2277,2
2277,1
4294967294,401
2276,4
2276,3
2276,2
2276,1
2275,5
2275,4
2275,3
2275,2
2275,1
2274,6
2274,5
2274,4
2274,3
2274,2
2274,1
2273,5
2273,4
2273,3
2273,2
2273,1
2272,5
2272,4
2272,3
2272,2
2272,1
2271,5
2271,4
2271,3
2271,2
2271,1
2269,4
2269,3
2269,2
2269,1
2268,5
2268,4
2268,3
2268,2
2268,1
2266,5
2266,4
2266,3
2266,2
2266,1
2264,4
2264,3
2264,2
2264,1
2263,4
2263,3
2263,2
2263,1
4294967294,1043
2262,5
2262,4
2262,3
2262,2
2262,1
2261,6
2261,5
2261,4
2261,3
2261,2
2261,1
4294967279,354
2260,5
2260,4
2260,3
2260,2
2260,1
2259,5
2259,4
2259,3
2259,2
2259,1
2258,5
2258,4
2258,3
2258,2
2258,1
2256,4
2256,3
2256,2
2256,1
2255,5
2255,4
2255,3
2255,2
2255,1
4294967278,339
4294967278,288
2253,5
2253,4
2253,3
2253,2
2253,1
4294967278,267
4294967278,281
4294967278,265
4294967294,1417
2251,4
4294967278,285
2251,3
2251,2
2251,1
4294967294,1042
4294967294,1046
4294967278,262
4294967278,261
2250,4
2250,3
2250,2
2250,1
2249,5
2249,4
2249,3
2249,2
2249,1
4294967279,517
2248,6
4294967279,247
2248,5
4294967279,245
2248,4
2248,3
2248,2
2248,1
2247,5
2247,4
2247,3
2247,2
2247,1
2246,5
2246,4
2246,3
2246,2
2246,1
2245,5
2245,4
2245,3
2245,2
2245,1
4294967279,532
2243,4
2243,3
2243,2
2243,1
4294967278,359
2242,5
2242,4
2242,3
2242,2
2242,1
4294967279,350
4294967294,462
2240,5
2240,4
2240,3
2240,2
2240,1
2238,4
2238,3
2238,2
2238,1
2237,4
2237,3
2237,2
2237,1
4294967278,476
2236,5
2236,4
2236,3
2236,2
2236,1
2235,6
2235,5
2235,4
2235,3
2235,2
2235,1
2234,5
2234,4
2234,3
2234,2
2234,1
2233,5
2233,4
2233,3
2233,2
2233,1
2232,5
2232,4
2232,3
2232,2
2232,1
4294967278,492
4294967279,241
2230,4
2230,3
2230,2
2230,1
4294967294,162
4294967279,2
4294967279,377
2229,5
2229,4
2229,3
2229,2
2229,1
4294967279,309
2227,5
2227,4
2227,3
2227,2
2227,1
2225,4
2225,3
2225,2
2225,1
2224,4
2224,3
2224,2
2224,1
2223,5
2223,4
2223,3
2223,2
2223,1
4294967294,466
4294967294,460
2222,6
2222,5
2222,4
2222,3
2222,2
2222,1
2221,5
2221,4
2221,3
2221,2
2221,1
2220,5
2220,4
2220,3
2220,2
2220,1
2219,5
2219,4
2219,3
2219,2
2219,1
2218,4
2218,3
2218,2
2218,1
2217,4
2217,3
2217,2
2217,1
4294967278,255
2216,5
2216,4
2216,3
2216,2
2216,1
2214,5
2214,4
2214,3
2214,2
2214,1
2212,4
2212,3
2212,2
2212,1
2211,4
2211,3
2211,2
2211,1
2210,5
2210,4
2210,3
2210,2
2210,1
2209,6
2209,5
2209,4
2209,3
2209,2
2209,1
2208,5
2208,4
2208,3
2208,2
2208,1
4294967294,417
2207,5
2207,4
2207,3
2207,2
2207,1
2206,5
2206,4
2206,3
2206,2
2206,1
4294967278,157
2204,4
2204,3
2204,2
2204,1
4294967279,345
2203,5
2203,4
2203,3
2203,2
2203,1
2201,5
2201,4
2201,3
2201,2
2201,1
2199,4
2199,3
2199,2
2199,1
2198,4
2198,3
2198,2
2198,1
2197,5
2197,4
2197,3
2197,2
2197,1
4294967294,1040
2196,6
2196,5
2196,4
2196,3
2196,2
2196,1
2195,5
2195,4
2195,3
2195,2
2195,1
2194,5
2194,4
2194,3
2194,2
2194,1
2193,5
2193,4
2193,3
2193,2
2193,1
2191,4
2191,3
2191,2
2191,1
4294967294,169
4294967294,109
4294967278,472
4294967279,307
2190,5
2190,4
2190,3
2190,2
2190,1
2188,5
2188,4
2188,3
2188,2
2188,1
2186,4
2186,3
2186,2
2186,1
2185,4
2185,3
2185,2
2185,1
2184,5
2184,4
2184,3
2184,2
2184,1
2183,6
2183,5
2183,4
2183,3
2183,2
2183,1
2182,5
2182,4
2182,3
2182,2
2182,1
2181,5
2181,4
2181,3
2181,2
2181,1
2180,5
2180,4
2180,3
2180,2
2180,1
2178,4
2178,3
2178,2
2178,1
4294967278,470
4294967278,353
4294967279,374
4294967279,260
4294967279,553
2177,5
2177,4
2177,3
2177,2
2177,1
2175,5
2175,4
2175,3
2175,2
2175,1
2173,4
2173,3
2173,2
2173,1
2172,4
2172,3
2172,2
2172,1
2171,5
2171,4
2171,3
2171,2
2171,1
2170,6
2170,5
2170,4
2170,3
2170,2
2170,1
4294967278,370
2169,5
2169,4
2169,3
2169,2
2169,1
2168,5
2168,4
2168,3
2168,2
2168,1
4294967294,192
2167,5
2167,4
2167,3
2167,2
2167,1
2165,4
2165,3
2165,2
2165,1
4294967278,467
4294967294,191
4294967294,111
2164,5
2164,4
2164,3
2164,2
2164,1
2162,5
2162,4
2162,3
2162,2
2162,1
4294967279,554
2160,4
2160,3
2160,2
2160,1
2159,4
2159,3
2159,2
2159,1
2158,5
2158,4
2158,3
2158,2
2158,1
2157,6
2157,5
2157,4
2157,3
2157,2
2157,1
2156,5
2156,4
2156,3
2156,2
2156,1
2155,5
2155,4
2155,3
2155,2
2155,1
2154,5
2154,4
2154,3
2154,2
2154,1
2152,4
2152,3
2152,2
2152,1
4294967278,225
4294967294,161
4294967279,334
4294967278,355
2151,5
2151,4
2151,3
2151,2
2151,1
2149,5
2149,4
2149,3
2149,2
2149,1
2147,4
2147,3
2147,2
2147,1
4294967279,200
2146,4
4294967279,198
2146,3
2146,2
2146,1
4294967279,194
2145,5
2145,4
2145,3
2145,2
2145,1
2144,6
2144,5
2144,4
2144,3
2144,2
2144,1
2143,5
2143,4
2143,3
2143,2
2143,1
2142,5
2142,4
2142,3
2142,2
2142,1
2141,5
2141,4
2141,3
2141,2
2141,1
4294967278,324
2139,4
2139,3
2139,2
2139,1
4294967279,332
4294967279,331
4294967294,108
4294967278,356
4294967278,465
4294967279,330
2138,5
2138,4
2138,3
2138,2
2138,1
4294967278,464
2136,5
2136,4
2136,3
2136,2
2136,1
2134,4
2134,3
2134,2
2134,1
4294967278,303
2133,4
2133,3
2133,2
2133,1
2132,5
2132,4
2132,3
2132,2
2132,1
2131,6
2131,5
2131,4
2131,3
2131,2
2131,1
4294967279,329
4294967278,341
2130,5
2130,4
2130,3
2130,2
2130,1
2129,5
2129,4
2129,3
2129,2
2129,1
2128,5
4294967279,185
2128,4
2128,3
2128,2
2128,1
4294967294,177
2126,4
2126,3
2126,2
2126,1
4294967279,328
4294967279,326
4294967278,461
4294967279,222
4294967278,451
4294967278,458
4294967278,457
2125,5
2125,4
2125,3
2125,2
2125,1
4294967279,324
2123,5
2123,4
2123,3
2123,2
2123,1
2121,4
2121,3
2121,2
2121,1
2120,4
2120,3
2120,2
2120,1
2119,5
2119,4
2119,3
2119,2
2119,1
4294967278,454
2118,6
2118,5
2118,4
2118,3
2118,2
2118,1
2117,5
2117,4
2117,3
2117,2
2117,1
2116,5
2116,4
2116,3
2116,2
2116,1
2115,5
2115,4
2115,3
2115,2
2115,1
2113,4
2113,3
2113,2
2113,1
4294967278,354
4294967279,574
4294967279,174
2112,5
2112,4
2112,3
2112,2
2112,1
4294967278,300
2110,5
2110,4
2110,3
2110,2
2110,1
2108,4
2108,3
2108,2
2108,1
2107,4
2107,3
2107,2
2107,1
4294967294,118
2106,5
2106,4
2106,3
2106,2
2106,1
2105,6
2105,5
2105,4
2105,3
2105,2
2105,1
2104,5
2104,4
2104,3
2104,2
2104,1
2103,5
2103,4
2103,3
2103,2
2103,1
2102,5
2102,4
2102,3
2102,2
2102,1
2100,4
2100,3
2100,2
2100,1
4294967279,246
4294967278,448
4294967278,463
4294967279,572
4294967278,137
2099,5
2099,4
2099,3
2099,2
2099,1
4294967294,443
2097,5
2097,4
2097,3
2097,2
2097,1
2095,4
2095,3
2095,2
2095,1
2094,4
2094,3
2094,2
2094,1
2093,5
2093,4
2093,3
2093,2
2093,1
4294967279,238
2092,6
2092,5
2092,4
2092,3
2092,2
2092,1
4294967279,154
2091,5
2091,4
2091,3
2091,2
2091,1
2090,5
2090,4
2090,3
2090,2
2090,1
2089,5
2089,4
2089,3
2089,2
2089,1
2087,4
2087,3
2087,2
2087,1
4294967278,382
4294967278,380
4294967294,1036
2086,5
2086,4
2086,3
2086,2
2086,1
4294967279,367
2084,5
2084,4
2084,3
2084,2
2084,1
2082,4
2082,3
2082,2
2082,1
2081,4
2081,3
2081,2
2081,1
2080,5
2080,4
2080,3
2080,2
2080,1
2079,6
2079,5
2079,4
2079,3
2079,2
2079,1
4294967294,465
2078,5
2078,4
2078,3
2078,2
2078,1
2077,5
2077,4
2077,3
2077,2
2077,1
2076,5
2076,4
4294967279,164
2076,3
2076,2
2076,1
4294967278,156
2074,4
2074,3
2074,2
2074,1
4294967294,182
4294967278,231
4294967279,299
4294967278,323
4294967279,232
2073,5
2073,4
2073,3
2073,2
2073,1
4294967278,272
4294967278,294
2071,5
2071,4
2071,3
2071,2
2071,1
2069,4
2069,3
2069,2
2069,1
2068,4
2068,3
2068,2
2068,1
2067,5
2067,4
2067,3
2067,2
2067,1
4294967294,458
2066,6
2066,5
2066,4
2066,3
2066,2
2066,1
2065,5
2065,4
2065,3
2065,2
2065,1
4294967279,305
2064,5
2064,4
2064,3
2064,2
2064,1
2063,5
2063,4
2063,3
2063,2
2063,1
2061,4
2061,3
2061,2
2061,1
4294967279,369
4294967278,504
4294967278,308
4294967294,402
4294967278,217
4294967279,259
4294967279,230
2060,5
2060,4
2060,3
2060,2
2060,1
4294967279,140
4294967279,139
4294967279,138
4294967278,333
4294967279,270
4294967279,282
2058,5
2058,4
2058,3
2058,2
2058,1
4294967279,294
2056,4
2056,3
2056,2
2056,1
2055,4
2055,3
2055,2
2055,1
2054,5
2054,4
2054,3
2054,2
2054,1
2053,6
2053,5
2053,4
2053,3
2053,2
2053,1
2052,5
2052,4
2052,3
2052,2
2052,1
2051,5
2051,4
4294967278,218
2051,3
2051,2
2051,1
2050,5
2050,4
2050,3
2050,2
2050,1
4294967279,224
2049,5
2049,4
2049,3
2049,2
2049,1
2048,4
2048,3
2048,2
2048,1
4294967278,374
4294967294,114
4294967278,373
4294967279,290
4294967279,218
4294967278,321
4294967278,176
2047,5
2047,4
2047,3
2047,2
2047,1
4294967278,235
4294967279,319
2045,5
2045,4
2045,3
2045,2
2045,1
2043,4
2043,3
2043,2
2043,1
2042,4
2042,3
2042,2
2042,1
2041,5
2041,4
2041,3
2041,2
2041,1
2040,6
2040,5
2040,4
2040,3
2040,2
2040,1
2039,5
2039,4
2039,3
2039,2
2039,1
4294967278,316
2038,5
2038,4
2038,3
2038,2
2038,1
2037,5
2037,4
2037,3
2037,2
2037,1
2035,4
2035,3
2035,2
2035,1
4294967278,368
4294967278,299
4294967294,451
4294967278,367
4294967278,366
4294967278,337
4294967279,327
4294967279,317
2034,5
2034,4
2034,3
2034,2
2034,1
4294967279,184
4294967279,366
2032,5
2032,4
2032,3
2032,2
2032,1
2030,4
2030,3
2030,2
2030,1
2029,4
2029,3
2029,2
2029,1
2028,5
2028,4
2028,3
2028,2
2028,1
2027,6
2027,5
2027,4
2027,3
2027,2
2027,1
2026,5
2026,4
2026,3
2026,2
2026,1
2025,5
2025,4
2025,3
2025,2
2025,1
2024,5
2024,4
2024,3
2024,2
2024,1
4294967294,412
4294967294,178
4294967294,167
2022,4
2022,3
2022,2
2022,1
4294967279,242
4294967278,251
2021,5
2021,4
2021,3
2021,2
2021,1
2019,5
2019,4
2019,3
2019,2
2019,1
2017,4
2017,3
2017,2
2017,1
2016,4
2016,3
2016,2
2016,1
4294967294,408
4294967294,396
4294967294,1076
2015,5
2015,4
2015,3
2015,2
2015,1
4294967278,175
2014,6
4294967278,173
2014,5
2014,4
2014,3
2014,2
2014,1
4294967279,168
2013,5
2013,4
2013,3
2013,2
2013,1
2012,5
2012,4
2012,3
2012,2
2012,1
2011,5
2011,4
2011,3
2011,2
2011,1
4294967279,144
4294967294,385
4294967294,168
2009,4
2009,3
2009,2
2009,1
2008,5
2008,4
2008,3
2008,2
2008,1
2006,5
2006,4
2006,3
2006,2
2006,1
2004,4
2004,3
2004,2
2004,1
2003,4
2003,3
2003,2
2003,1
4294967294,390
2002,5
2002,4
2002,3
2002,2
2002,1
2001,6
2001,5
2001,4
2001,3
2001,2
2001,1
2000,5
4294967279,188
2000,4
2000,3
2000,2
2000,1
4294967279,364
1999,5
4294967279,179
1999,4
1999,3
1999,2
1999,1
4294967278,172
1998,5
4294967278,171
4294967279,171
1998,4
4294967279,170
1998,3
1998,2
1998,1
4294967278,168
4294967278,167
4294967278,166
4294967278,163
4294967278,162
1996,4
1996,3
1996,2
1996,1
4294967278,456
4294967278,453
4294967278,455
4294967294,409
1995,5
1995,4
1995,3
1995,2
1995,1
1993,5
1993,4
1993,3
1993,2
1993,1
1991,4
1991,3
1991,2
1991,1
1990,4
1990,3
1990,2
1990,1
1989,5
1989,4
1989,3
1989,2
1989,1
1988,6
1988,5
1988,4
1988,3
1988,2
1988,1
1987,5
1987,4
1987,3
1987,2
1987,1
1986,5
1986,4
1986,3
1986,2
1986,1
1985,5
1985,4
1985,3
1985,2
1985,1
4294967278,352
1983,4
1983,3
1983,2
1983,1
4294967278,350
4294967278,309
4294967279,352
4294967279,155
4294967278,155
1982,5
1982,4
1982,3
1982,2
1982,1
4294967279,149
4294967279,148
1980,5
1980,4
1980,3
1980,2
1980,1
4294967279,135
4294967279,133
1978,4
1978,3
1978,2
1978,1
4294967279,279
1977,4
1977,3
1977,2
1977,1
4294967278,326
1976,5
1976,4
1976,3
1976,2
1976,1
4294967294,189
4294967279,254
1975,6
1975,5
1975,4
1975,3
1975,2
1975,1
4294967279,306
1974,5
1974,4
1974,3
1974,2
1974,1
4294967279,347
4294967278,237
1973,5
1973,4
4294967278,236
1973,3
1973,2
1973,1
1972,5
1972,4
1972,3
1972,2
1972,1
1970,4
1970,3
1970,2
1970,1
4294967279,303
4294967279,302
4294967279,560
4294967279,301
4294967279,300
1969,5
1969,4
1969,3
1969,2
1969,1
1967,5
1967,4
1967,3
1967,2
